100 600 600
446 415
574 371
325 241
220 275
179 106
248 214
422 592
211 210
360 346
109 152
227 28
116 80
560 308
321 334
512 70
237 252
375 110
104 211
487 101
207 76
290 418
410 455
418 464
210 374
526 530
310 71
152 506
214 427
161 464
535 287
291 426
288 524
136 67
168 392
220 375
193 375
583 510
374 4
378 153
83 337
408 56
562 145
572 312
177 528
568 486
64 464
140 259
326 352
497 276
403 246
374 117
380 597
353 109
262 506
243 483
291 97
242 404
468 6
286 567
205 45
261 254
266 269
373 402
430 592
591 270
140 234
583 365
226 272
178 88
323 488
337 422
578 366
372 331
298 446
244 59
65 503
172 505
59 331
76 546
568 242
476 67
184 460
132 211
51 410
50 311
485 374
140 387
118 463
309 265
76 169
72 553
211 141
473 597
295 270
264 549
16 15
476 140
103 552
362 360
71 506
